atc_classifications,availability_type,biotherapeutic,black_box_warning,chebi_par_id,chirality,cross_references,dosed_ingredient,first_approval,first_in_class,helm_notation,indication_class,inorganic_flag,max_phase,molecule_chembl_id,molecule_hierarchy,molecule_properties,molecule_structures,molecule_synonyms,molecule_type,natural_product,oral,parenteral,polymer_flag,pref_name,prodrug,structure_type,therapeutic_flag,topical,usan_stem,usan_stem_definition,usan_substem,usan_year,withdrawn_flag
[],-1,,0,,-1,[],False,,-1,,,-1,,CHEMBL3899232,"{'active_chembl_id': 'CHEMBL3899232', 'molecule_chembl_id': 'CHEMBL3899232', 'parent_chembl_id': 'CHEMBL3899232'}","{'alogp': '2.12', 'aromatic_rings': 3, 'cx_logd': '0.14', 'cx_logp': '0.14', 'cx_most_apka': None, 'cx_most_bpka': '4.24', 'full_molformula': 'C14H13ClN6O4S2', 'full_mwt': '428.88', 'hba': 9, 'hba_lipinski': 10, 'hbd': 2, 'hbd_lipinski': 2, 'heavy_atoms': 27, 'molecular_species': 'NEUTRAL', 'mw_freebase': '428.88', 'mw_monoisotopic': '428.0128', 'np_likeness_score': '-1.14', 'num_lipinski_ro5_violations': 0, 'num_ro5_violations': 0, 'psa': '138.21', 'qed_weighted': '0.65', 'ro3_pass': 'N', 'rtb': 3}","{'canonical_smiles': 'CN1C(=N)N[C@](C)(c2sc(-c3nnc(-c4cnco4)o3)cc2Cl)CS1(=O)=O', 'molfile': '\n     RDKit          2D\n\n 27 30  0  0  1  0  0  0  0  0999 V2000\n    2.3383   -1.3500    0.0000 C   0  0  0  0  0  0  0  0  0  0  0  0\n    1.2990   -0.7500    0.0000 N   0  0  0  0  0  0  0  0  0  0  0  0\n    1.2990    0.7500    0.0000 C   0  0  0  0  0  0  0  0  0  0  0  0\n    2.3383    1.3500    0.0000 N   0  0  0  0  0  0  0  0  0  0  0  0\n    0.0000    1.5000    0.0000 N   0  0  0  0  0  0  0  0  0  0  0  0\n   -1.2990    0.7500    0.0000 C   0  0  0  0  0  0  0  0  0  0  0  0\n   -1.2707    1.9497    0.0000 C   0  0  0  0  0  0  0  0  0  0  0  0\n   -1.2990   -0.7500    0.0000 C   0  0  0  0  0  0  0  0  0  0  0  0\n    0.0000   -1.5000    0.0000 S   0  0  0  0  0  0  0  0  0  0  0  0\n    1.0531   -2.0753    0.0000 O   0  0  0  0  0  0  0  0  0  0  0  0\n   -1.0530   -2.0754    0.0000 O   0  0  0  0  0  0  0  0  0  0  0  0\n   -2.5636   -0.0202    0.0000 C   0  0  0  0  0  0  0  0  0  0  0  0\n   -2.6665   -1.5039    0.0000 S   0  0  0  0  0  0  0  0  0  0  0  0\n   -4.1260   -1.8501    0.0000 C   0  0  0  0  0  0  0  0  0  0  0  0\n   -4.9063   -0.5691    0.0000 C   0  0  0  0  0  0  0  0  0  0  0  0\n   -3.9291    0.5689    0.0000 C   0  0  0  0  0  0  0  0  0  0  0  0\n   -4.1991    1.7382    0.0000 Cl  0  0  0  0  0  0  0  0  0  0  0  0\n   -4.7041   -3.2351    0.0000 C   0  0  0  0  0  0  0  0  0  0  0  0\n   -4.0180   -4.5492    0.0000 O   0  0  0  0  0  0  0  0  0  0  0  0\n   -5.0812   -5.6073    0.0000 C   0  0  0  0  0  0  0  0  0  0  0  0\n   -6.4161   -4.9230    0.0000 N   0  0  0  0  0  0  0  0  0  0  0  0\n   -6.1778   -3.4421    0.0000 N   0  0  0  0  0  0  0  0  0  0  0  0\n   -4.8501   -7.0901    0.0000 C   0  0  0  0  0  0  0  0  0  0  0  0\n   -3.5783   -7.8519    0.0000 O   0  0  0  0  0  0  0  0  0  0  0  0\n   -3.9317   -9.3097    0.0000 C   0  0  0  0  0  0  0  0  0  0  0  0\n   -5.4273   -9.4240    0.0000 N   0  0  0  0  0  0  0  0  0  0  0  0\n   -5.9983   -8.0369    0.0000 C   0  0  0  0  0  0  0  0  0  0  0  0\n  1  2  1  0\n  2  3  1  0\n  3  4  2  0\n  3  5  1  0\n  5  6  1  0\n  6  7  1  6\n  6  8  1  0\n  8  9  1  0\n  9  2  1  0\n  9 10  2  0\n  9 11  2  0\n  6 12  1  0\n 12 13  1  0\n 13 14  1  0\n 14 15  2  0\n 15 16  1  0\n 16 12  2  0\n 16 17  1  0\n 14 18  1  0\n 18 19  1  0\n 19 20  1  0\n 20 21  2  0\n 21 22  1  0\n 22 18  2  0\n 20 23  1  0\n 23 24  1  0\n 24 25  1  0\n 25 26  2  0\n 26 27  1  0\n 27 23  2  0\nM  END\n\n> <chembl_id>\nCHEMBL3899232\n\n> <chembl_pref_name>\nNone\n\n', 'standard_inchi': 'InChI=1S/C14H13ClN6O4S2/c1-14(5-27(22,23)21(2)13(16)18-14)10-7(15)3-9(26-10)12-20-19-11(25-12)8-4-17-6-24-8/h3-4,6H,5H2,1-2H3,(H2,16,18)/t14-/m0/s1', 'standard_inchi_key': 'MEWZQORZRFJYMZ-AWEZNQCLSA-N'}",[],Small molecule,-1,False,False,0,,-1,MOL,False,False,,,,,False
